[Main.jpg]
filters=crop64=1,ffffff73;
crop=rect64(ffffff73)
moddate=79e304c176ccd101
width=831
height=468
text=2;141;7;Testing;Bodoni MT Condensed;0.123736,0.174146,0.100000,0.000000;v1,4290264625,4278190080,128.000000,1.000000,0.000000,1.000000,400,0,49152;;147;12;From Scratch;Bodoni MT Condensed;0.711185,0.673080,0.100000,0.000000;v1,4290528561,4278190080,128.000000,1.000000,0.000000,1.000000,400,0,49152;;
textactive=1
[Main-001.jpg]
moddate=55ea316c77ccd101
width=3000
height=1688
text=2;141;7;Testing;Bodoni MT Condensed;0.434998,0.070926,0.100000,0.000000;v1,4278981943,4278190080,128.000000,1.000000,0.000000,1.000000,400,0,49152;;147;12;from Scratch;Bodoni MT Condensed;0.398228,0.709577,0.100000,0.000000;v1,4278981943,4278190080,128.000000,1.000000,0.000000,1.000000,400,0,49152;;
textactive=1
filters=crop64=1,25b71061d670ffff;
crop=rect64(25b71061d670ffff)
