[Main.jpg]
moddate=95fe7b047eccd101
width=2000
height=2000
text=1;142;18;Advanced Modeling ;Algerian;0.192810,0.168687,0.044444,0.000000;v1,4281481083,4278190080,128.000000,1.000000,0.000000,1.000000,400,0,49152;;
textactive=1
