[main.jpg]
moddate=5094e25e60c1d101
width=2048
height=1152
text=2;130;4;for&#010;;Segoe Print;0.640862,0.325934,0.055556,0.000000;v1,4294234415,4278190080,128.000000,1.000000,0.000000,1.000000,400,0,49152;;125;3;ES6;Andalus;0.672119,0.368517,0.133333,0.000000;v1,4294829949,4278190080,128.000000,1.000000,0.000000,1.000000,400,0,49152;;
textactive=1
