[Main-001.jpg]
filters=crop64=1,11687c96f4bb;
crop=rect64(11687c96f4bb)
moddate=83e754b877ccd101
width=600
height=250
textactive=0
[Main-002.jpg]
filters=crop64=1,ffffff64;
crop=rect64(ffffff64)
moddate=1ef1f5ef77ccd101
width=750
height=422
text=1;156;20;Using HTML5 and CSS3;Bernard MT Condensed;0.180854,0.421612,0.133333,0.000000;v1,4285344973,4278190080,128.000000,1.000000,0.000000,1.000000,400,0,49152;;
textactive=1
