[Main.jpg]
moddate=02bd4d2571ccd101
width=750
height=422
text=1;147;12;Fundamentals;Bodoni MT Condensed;0.414386,0.465690,0.083333,0.000000;v1,4294900989,4278190080,128.000000,1.000000,0.000000,1.000000,400,0,49152;;
textactive=1
