[Main.jpg]
moddate=efb07f815ec1d101
width=1280
height=720
text=1;150;20;Angular Fundamentals;Britannic Bold;0.305336,0.713025,0.072222,0.000000;v1,4294967295,4278190080,128.000000,1.000000,0.000000,1.000000,400,0,49152;;
textactive=1
