[Main.jpg]
moddate=b1a1d7caedbbd101
width=1920
height=1080
text=1;141;18;Essential Training;Cambria;0.153300,0.212326,0.072222,0.000000;v1,4294967295,4278190080,128.000000,1.000000,0.168224,1.000000,400,2,49152;;
textactive=1
[Main1.jpg]
moddate=edaeea35eebbd101
width=512
height=512
text=1;141;18;Essential Training;Cambria;0.644481,0.548610,0.044444,0.000000;v1,4278190080,4278190080,128.000000,1.000000,0.000000,1.000000,400,0,49152;;
textactive=1
