[Main.jpg]
moddate=719f49aeecbbd101
width=1920
height=1080
text=1;143;18;Essential Training;Castellar;0.596230,0.655010,0.038889,0.000000;v1,4294967295,4287096240,128.000000,1.000000,0.000000,1.000000,400,0,49160;;
textactive=1
