[Main.jpg]
moddate=e35581d17accd101
width=750
height=422
text=1;149;21;The Complete Guide to;Cambria Math;0.350003,0.183088,0.055556,0.000000;v1,4278190080,4278190080,128.000000,1.000000,0.000000,1.000000,400,0,49160;;
textactive=1
