[javascript.jpg]
moddate=9f182e2eeabbd101
width=785
height=340
text=1;130;8;Advanced;Cambria;0.316882,0.274040,0.061111,0.000000;v1,4278190080,4293454056,128.000000,1.000000,0.000000,1.000000,700,0,49160;;
textactive=1
