[main.jpg]
moddate=60d4a6545fc1d101
width=2048
height=1152
text=1;153;23;JavaScript Fundamentals;Britannic Bold;0.255791,0.188829,0.083333,0.000000;v1,4294234415,4278190080,128.000000,1.000000,0.000000,1.000000,400,0,49160;;
textactive=1
