[683932_9.JPG]
moddate=0e31bc8aebbbd101
width=750
height=422
text=1;163;38;Learn Python Programming - Easy as Pie;Cambria;0.209487,0.136323,0.061111,0.000000;v1,4294967295,4287096240,128.000000,1.000000,0.500000,1.000000,700,258,49152;;
textactive=1
