[Main.jpg]
moddate=ccde70336accd101
width=1202
height=1202
text=1;124;2;UI;Andalus;0.781362,0.509910,0.166667,0.000000;v1,4278806700,4278190080,128.000000,1.000000,0.000000,1.000000,400,0,49152;;
textactive=1
