[Main.jpg]
moddate=b2b0156c6bccd101
width=1920
height=1080
text=1;150;20;Audio&#010;&#010;Video&#010;&#010;WebRTC;Britannic Bold;0.606223,0.367358,0.061111,0.000000;v1,4294967295,4278190080,128.000000,1.000000,0.000000,1.000000,400,0,49152;;
textactive=1
